{
  "camera_angle_x": 1.1410430265040805,
  "camera_angle_y": 0.5623833836210099,
  "fl_x": 3615.3708555939475,
  "fl_y": 3614.395283276949,
  "k1": -0.005929596940925218,
  "k2": -0.04689912503149707,
  "p1": -7.547697118079948e-05,
  "p2": -0.0004024522419648212,
  "cx": 2321.4756197922993,
  "cy": 1045.2817721630022,
  "w": 4640.0,
  "h": 2088.0,
  "frames": [
    {
      "file_path": "IMG_20220826_150005_TIMEBURST1.jpg",
      "transform_matrix": [
        [
          0.770193617792167,
          0.07608512328816192,
          0.6332557501423401,
          2.4069452343417215
        ],
        [
          0.6334524045528442,
          -0.20711262140646605,
          -0.7455483976326597,
          -2.854092374463546
        ],
        [
          0.07443011668152583,
          0.9753539952364313,
          -0.20771312346905127,
          -0.7961101405683751
        ],
        [
          0.0,
          0.0,
          0.0,
          1.0
        ]
      ]
    },
    {
      "file_path": "IMG_20220826_150005_TIMEBURST2.jpg",
      "transform_matrix": [
        [
          0.8012236495587235,
          0.10499739839645304,
          0.5890808176130637,
          2.196797269117345
        ],
        [
          0.5969592822929117,
          -0.07282106851954254,
          -0.7989597657305832,
          -3.106490160302814
        ],
        [
          -0.040991202242201756,
          0.9918027214440568,
          -0.12102513387336324,
          -0.5950756901953197
        ],
        [
          0.0,
          0.0,
          0.0,
          1.0
        ]
      ]
    },
    {
      "file_path": "IMG_20220826_150005_TIMEBURST3.jpg",
      "transform_matrix": [
        [
          0.7964510339329269,
          0.030830649856906926,
          0.6039165683589676,
          2.2732638757704517
        ],
        [
          0.6039090930385462,
          0.010606165071174631,
          -0.796982632558645,
          -3.280688413351523
        ],
        [
          -0.030976731299684025,
          0.999468348796534,
          -0.010171618655873165,
          -0.33061081558647726
        ],
        [
          0.0,
          0.0,
          0.0,
          1.0
        ]
      ]
    },
    {
      "file_path": "IMG_20220826_150005_TIMEBURST4.jpg",
      "transform_matrix": [
        [
          0.7258768188739874,
          -0.05032555300382679,
          0.6859811823207242,
          2.6830627195009114
        ],
        [
          0.6813092191661082,
          -0.08434070541452793,
          -0.7271206181107179,
          -3.2435036366940597
        ],
        [
          0.09444888402492815,
          0.9951653049014716,
          -0.02693369972674575,
          -0.38791864309263757
        ],
        [
          0.0,
          0.0,
          0.0,
          1.0
        ]
      ]
    },
    {
      "file_path": "IMG_20220826_150005_TIMEBURST5.jpg",
      "transform_matrix": [
        [
          0.8210600148384711,
          0.12692144542424968,
          0.5565531409369351,
          2.152910006465199
        ],
        [
          0.562568474451915,
          -0.01451874999682801,
          -0.8266232016122215,
          -3.554821147809931
        ],
        [
          -0.0968357556566314,
          0.9918065096298684,
          -0.08332276901538367,
          -0.11699501323734479
        ],
        [
          0.0,
          0.0,
          0.0,
          1.0
        ]
      ]
    }
  ]
}