{
  "camera_angle_x": 1.176252048071554,
  "camera_angle_y": 0.5831100151094117,
  "fl_x": 3479.0695817631863,
  "fl_y": 3478.7586002580865,
  "k1": 0.04768410255245119,
  "k2": -0.08068524509595547,
  "p1": -0.00031844893410856636,
  "p2": -0.0002118044124905773,
  "cx": 2326.630542949747,
  "cy": 1044.899140852383,
  "w": 4640.0,
  "h": 2088.0,
  "frames": [
    {
      "file_path": "IMG_20220826_173504_TIMEBURST1.jpg",
      "transform_matrix": [
        [
          0.43046150900610175,
          0.042084082043692274,
          0.9016273172984374,
          3.8216674106694444
        ],
        [
          0.890969093114974,
          -0.1797162106039286,
          -0.41698460254537506,
          -1.9124315552729207
        ],
        [
          0.1444886306173851,
          0.9828178944650673,
          -0.11485652762247024,
          -0.5442276582054842
        ],
        [
          0.0,
          0.0,
          0.0,
          1.0
        ]
      ]
    },
    {
      "file_path": "IMG_20220826_173504_TIMEBURST2.jpg",
      "transform_matrix": [
        [
          0.5557327461985839,
          -0.006922598950301137,
          0.8313321793497477,
          3.5575714957478066
        ],
        [
          0.8313609277787508,
          0.0050485829320604456,
          -0.5557099239469385,
          -2.180158108282805
        ],
        [
          -0.00035009251535075776,
          0.9999632940413753,
          0.008560841143207718,
          -0.1910047846344335
        ],
        [
          0.0,
          0.0,
          0.0,
          1.0
        ]
      ]
    },
    {
      "file_path": "IMG_20220826_173504_TIMEBURST3.jpg",
      "transform_matrix": [
        [
          0.6722781508064198,
          -0.03665083363151247,
          0.73939083327998,
          3.2664844798459076
        ],
        [
          0.7392318221445787,
          0.08683579855654654,
          -0.6678292126118265,
          -2.6566514615944574
        ],
        [
          -0.03972909608755753,
          0.9955482210717442,
          0.08547127260593462,
          -0.043920333298061165
        ],
        [
          0.0,
          0.0,
          0.0,
          1.0
        ]
      ]
    },
    {
      "file_path": "IMG_20220826_173504_TIMEBURST4.jpg",
      "transform_matrix": [
        [
          0.5664376523969922,
          0.0015566436558500454,
          0.8241031263158514,
          3.2595942320793347
        ],
        [
          0.8193587619505411,
          -0.10822883400358602,
          -0.5629722361759766,
          -2.5764714919339347
        ],
        [
          0.08831537330001142,
          0.9941247891219319,
          -0.06258033627331057,
          -0.7781591732455058
        ],
        [
          0.0,
          0.0,
          0.0,
          1.0
        ]
      ]
    },
    {
      "file_path": "IMG_20220826_173504_TIMEBURST5.jpg",
      "transform_matrix": [
        [
          0.6108734079331932,
          0.002074854160776317,
          0.7917255676409254,
          2.9890233528385575
        ],
        [
          0.7873448712676552,
          -0.10667438019174356,
          -0.6072138258464692,
          -3.1788441078762215
        ],
        [
          0.08319695407701354,
          0.9942918442725407,
          -0.06679816794900716,
          -0.9144305419573457
        ],
        [
          0.0,
          0.0,
          0.0,
          1.0
        ]
      ]
    }
  ]
}